88,7
88,6
80,32
80,31
80,30
80,29
80,28
80,27
80,26
80,25
80,24
80,23
80,22
80,21
80,20
80,19
80,18
80,17
80,16
80,15
80,14
80,13
80,12
80,11
80,10
80,9
80,8
80,7
80,6
88,5
88,4
88,3
88,2
88,1
88,0
80,5
80,4
80,3
80,2
80,1
80,0
71,127
71,126
71,125
71,124
71,123
71,122
71,121
71,120
71,119
71,118
71,117
71,116
71,115
71,114
71,113
71,112
71,111
71,110
71,109
71,108
71,107
71,106
71,105
71,104
71,103
71,102
71,101
71,100
71,99
71,98
71,97
71,96
71,95
71,94
71,93
71,92
71,91
71,90
71,89
71,88
71,87
71,86
71,85
72,2
71,84
71,83
71,82
71,81
71,80
71,79
71,78
71,77
71,76
71,75
71,74
71,73
71,72
71,71
71,70
71,69
71,68
71,67
71,66
71,65
71,64
64,29
64,28
64,27
64,26
64,25
64,24
64,23
64,22
64,21
64,20
64,19
64,18
64,17
64,16
64,15
64,14
64,13
64,12
64,11
64,10
64,9
64,8
64,7
64,6
64,5
64,4
64,3
64,2
64,1
64,0
56,6
56,5
56,4
56,3
56,2
56,1
56,0
48,5
48,4
48,3
48,2
48,1
48,0
40,4
40,3
40,2
40,1
40,0
32,12
32,11
32,10
32,9
32,8
32,7
32,6
32,5
32,4
32,3
32,2
32,1
32,0
24,5
24,4
24,3
24,2
24,1
24,0
16,4
16,3
16,2
16,1
16,0
8,3
8,2
8,1
8,0
72,5
72,4
72,1
72,3
72,0
0,9
0,12
0,10
0,8
0,0
0,63
0,62
0,61
0,60
0,59
0,58
0,57
0,56
0,55
0,54
0,53
0,52
0,51
0,50
0,49
0,48
0,47
0,46
0,45
0,6
0,5
0,1
0,11
0,4
0,2
0,3
0,7
81,37
81,36
81,35
81,34
81,33
81,32
81,31
81,30
81,29
81,28
81,27
81,26
81,25
81,24
81,23
81,22
81,21
81,20
81,19
81,18
81,17
81,16
81,15
81,14
81,13
81,12
81,11
81,10
81,9
81,8
81,7
81,6
89,5
89,4
89,3
89,2
89,1
89,0
81,5
81,4
81,3
81,2
81,1
81,0
71,134
71,133
71,132
73,46
73,45
73,40
71,131
71,130
73,25
73,44
73,43
73,26
73,42
71,129
73,41
73,34
73,39
73,38
73,37
71,128
73,36
73,35
73,32
73,33
73,24
73,31
73,30
73,29
73,28
73,27
73,4
73,23
73,5
73,22
73,21
73,20
73,19
73,18
73,17
73,16
73,15
73,14
73,13
73,12
73,11
73,10
73,9
73,8
73,7
73,6
73,3
73,2
73,1
73,0
65,14
65,13
65,12
65,11
65,10
65,9
65,8
65,7
65,6
65,5
65,4
65,3
65,2
65,1
65,0
57,5
57,4
57,3
57,2
57,1
57,0
49,5
49,4
49,3
49,2
49,1
49,0
41,6
41,5
41,4
41,3
41,2
41,1
41,0
33,5
33,4
33,3
33,2
33,1
33,0
25,7
25,6
25,5
25,4
25,3
25,2
25,1
25,0
17,3
17,2
17,1
17,0
9,5
9,2
9,4
9,1
9,3
9,0
1,3
1,2
1,1
1,0
81,84
81,83
81,82
81,81
81,80
81,79
81,78
81,77
81,76
81,75
81,74
81,73
81,72
81,71
81,70
81,69
81,68
81,67
81,66
81,65
81,64
90,27
90,26
90,25
90,24
90,23
90,22
90,21
90,20
90,19
90,18
90,17
90,16
90,15
90,14
90,13
90,12
90,11
90,10
90,9
90,8
90,7
90,6
90,5
90,4
90,3
90,2
90,1
90,0
82,5
82,4
82,3
82,2
82,1
82,0
74,27
74,26
74,25
74,24
74,23
74,22
74,21
74,20
74,19
74,18
74,17
74,16
74,15
74,14
74,13
74,12
74,11
74,10
74,9
74,8
74,7
74,6
74,5
74,4
74,2
66,3
66,2
66,1
66,0
58,5
58,4
58,3
58,2
58,1
58,0
50,7
50,6
50,5
50,4
50,3
50,2
50,1
50,0
42,5
42,4
42,3
42,2
42,1
42,0
34,6
34,5
34,4
34,3
34,2
34,1
34,0
26,4
26,3
26,2
26,1
26,0
18,4
18,3
18,2
18,1
18,0
10,35
10,34
10,33
10,32
10,31
10,30
10,29
10,28
10,27
10,26
10,25
10,24
10,23
10,22
10,21
10,20
10,19
10,18
10,17
10,16
10,15
10,14
10,13
10,12
10,11
10,10
10,9
10,8
10,7
10,6
10,5
10,4
10,3
10,2
10,1
10,0
74,1
74,3
74,0
2,19
2,18
2,17
2,15
2,16
2,14
2,13
2,12
2,11
2,10
2,9
2,8
2,7
2,6
2,4
2,2
2,1
2,5
2,3
2,0
83,12
83,11
83,10
83,9
83,8
83,7
83,6
83,5
83,4
83,3
83,2
83,1
83,0
75,38
75,37
75,36
75,35
75,34
75,33
75,32
75,31
75,30
75,29
75,28
10,83
75,27
75,26
75,25
75,24
10,82
75,23
75,22
75,21
75,20
75,19
75,18
75,17
75,16
75,15
75,14
75,13
75,12
75,11
75,10
75,9
75,8
75,7
75,6
75,5
75,4
75,2
67,37
67,36
67,35
67,34
67,33
67,32
67,31
67,30
67,29
67,28
67,27
67,26
67,25
67,24
67,23
67,22
67,21
67,20
67,19
67,18
67,17
67,16
67,15
67,14
67,13
67,12
67,11
67,10
67,9
67,8
67,7
67,6
67,5
67,4
67,3
67,2
67,1
67,0
59,6
59,5
59,4
59,3
59,2
59,1
59,0
51,5
51,4
51,3
51,2
51,1
51,0
43,9
43,8
43,7
43,6
43,5
43,4
43,3
43,2
43,1
43,0
35,6
35,5
35,4
35,3
35,2
35,1
35,0
27,6
27,5
27,4
27,3
27,2
27,1
27,0
19,3
19,2
19,1
19,0
11,5
11,4
11,3
11,2
11,1
11,0
10,81
10,80
10,79
10,78
10,77
10,76
10,75
10,74
10,73
10,72
10,71
10,70
10,69
10,68
10,67
10,66
10,65
10,64
3,6
3,5
75,1
75,3
75,0
3,4
3,3
3,2
3,1
3,0
0,243
0,255
0,254
0,253
0,252
0,251
0,250
0,249
0,248
0,247
0,246
0,245
0,244
0,242
0,241
0,240
0,239
0,238
0,237
0,236
0,235
0,234
0,233
0,232
0,231
0,230
0,229
0,228
0,227
0,226
0,225
0,224
0,223
0,222
0,221
0,220
0,219
0,218
0,217
0,216
0,215
0,214
0,213
0,212
0,211
0,210
0,209
0,208
0,207
0,206
0,205
0,204
0,203
0,202
0,201
0,200
0,199
0,198
0,197
0,196
0,195
0,194
0,193
0,192
84,20
84,19
84,18
84,17
84,16
84,15
84,14
84,13
84,12
84,11
84,10
84,9
84,8
84,7
84,6
84,5
84,4
84,3
84,2
84,1
84,0
68,4
68,39
68,38
68,5
68,37
68,36
75,72
75,71
75,70
75,69
76,17
75,68
75,67
75,66
75,65
75,64
76,16
68,35
68,34
76,15
68,33
76,14
76,13
76,12
76,11
76,10
76,9
67,127
67,126
67,125
67,124
67,123
67,122
67,121
67,120
76,8
76,7
76,6
76,5
76,4
76,2
68,32
68,31
68,30
68,29
68,28
68,27
68,26
68,25
68,24
68,23
68,22
68,21
68,20
68,19
68,18
68,17
68,16
68,15
68,14
68,13
68,12
68,11
68,10
68,9
68,8
68,7
68,6
68,3
68,2
68,1
68,0
67,119
67,118
67,117
67,116
67,115
67,114
67,113
67,112
67,111
67,110
67,109
67,108
67,107
67,106
67,105
67,104
67,103
67,102
67,101
67,100
67,99
67,98
67,97
67,96
67,95
67,94
67,93
67,92
67,91
67,90
67,89
67,88
67,87
67,86
67,85
67,84
67,83
67,82
67,81
67,80
67,79
67,78
67,77
67,76
67,75
67,74
67,73
67,72
67,71
67,70
67,69
67,68
67,67
67,66
67,65
67,64
60,6
60,5
60,4
60,3
60,2
60,1
60,0
52,4
52,3
52,2
52,1
52,0
44,5
44,4
44,3
44,2
44,1
44,0
36,6
36,5
36,4
36,3
36,2
36,1
36,0
28,6
28,5
28,4
28,3
28,2
28,1
28,0
20,6
20,5
20,4
20,3
20,2
20,1
20,0
12,4
12,3
12,2
12,1
12,0
76,1
76,3
76,0
4,3
4,2
4,1
4,0
0,310
0,305
0,308
0,304
0,303
0,302
0,307
0,300
0,299
0,298
0,297
0,296
0,295
0,294
0,293
0,292
0,291
0,290
0,289
0,288
0,287
0,286
0,285
0,284
0,283
0,282
0,281
0,280
0,279
0,278
0,277
0,276
0,275
0,274
0,273
0,272
0,271
0,270
0,269
0,268
0,267
0,266
0,265
0,264
0,263
0,262
0,261
0,260
0,259
0,258
0,257
0,256
0,319
0,318
0,317
0,316
0,315
0,314
0,313
0,312
0,311
0,309
0,306
0,301
85,37
85,36
85,35
85,34
85,33
85,32
85,31
85,30
85,29
85,28
85,27
85,26
85,25
85,24
85,23
85,22
85,21
85,20
85,19
85,18
85,17
85,16
85,15
85,14
85,13
85,12
85,11
85,10
85,9
85,8
85,7
85,6
85,5
85,4
85,3
85,2
85,1
85,0
68,65
68,64
67,151
67,150
67,149
67,148
67,147
67,146
67,145
67,144
67,143
67,142
67,141
67,140
67,139
67,138
67,137
67,136
67,135
67,134
67,133
67,132
67,131
67,130
67,129
67,128
77,13
77,12
77,11
77,10
77,9
77,8
77,7
77,6
77,5
77,4
77,3
77,2
77,1
77,0
69,37
69,36
69,35
69,34
69,33
69,32
69,31
69,30
69,29
69,28
69,27
69,26
69,25
69,24
69,23
69,22
69,21
69,20
69,19
69,18
69,17
69,16
69,15
69,14
69,13
69,12
69,11
69,10
69,9
69,8
69,7
69,6
69,5
69,4
69,3
69,2
69,1
69,0
61,6
61,5
61,4
61,3
61,2
61,1
61,0
53,5
53,4
53,3
53,2
53,1
53,0
45,4
45,3
45,2
45,1
45,0
37,5
37,4
37,3
37,2
37,1
37,0
29,3
29,2
29,1
29,0
21,6
21,5
21,4
21,3
21,2
21,1
21,0
13,7
13,6
13,5
13,4
13,2
13,8
13,1
13,3
13,0
0,334
0,332
0,327
0,322
0,383
0,382
0,381
0,380
0,379
0,378
0,377
0,376
0,375
0,374
0,373
0,372
0,371
0,370
0,369
0,368
0,367
0,366
0,365
0,364
0,363
0,362
0,361
0,360
0,359
0,358
0,357
0,356
0,355
0,354
0,353
0,352
0,351
0,350
0,349
0,348
0,347
0,346
0,345
0,344
0,343
0,342
0,341
0,340
0,339
0,338
0,337
0,336
0,335
0,331
0,333
0,330
0,329
0,328
0,326
0,325
0,324
0,323
0,320
0,321
85,92
85,91
85,90
85,89
85,88
85,87
85,86
85,85
85,84
85,83
85,82
85,81
85,80
85,79
85,78
85,77
85,76
85,75
85,74
85,73
85,72
85,71
85,70
85,69
85,68
85,67
85,66
85,65
85,64
86,37
86,36
86,35
86,34
86,33
86,32
86,31
86,30
86,29
86,28
86,27
86,26
86,25
86,24
86,23
86,22
86,21
86,20
86,19
86,18
86,17
86,16
86,15
86,14
86,13
86,12
86,11
86,10
86,9
86,8
86,7
86,6
86,5
86,4
86,3
86,2
86,1
86,0
70,7
70,6
69,102
69,101
69,100
69,99
69,98
69,97
69,96
69,95
69,94
69,93
69,92
69,91
69,90
69,89
69,88
69,87
0,447
78,5
78,4
78,3
78,2
78,1
78,0
70,2
69,86
69,85
69,84
69,83
69,82
69,81
69,80
69,79
69,78
69,77
69,76
69,75
69,74
69,73
69,72
69,71
69,70
69,69
69,68
69,67
69,66
69,65
69,64
62,38
62,37
62,36
62,35
62,34
62,33
62,32
62,31
62,30
62,29
62,28
62,27
62,26
62,25
62,24
62,23
62,22
62,21
62,20
62,19
62,18
62,17
62,16
62,15
62,14
62,13
62,12
62,11
62,10
62,9
62,8
62,7
62,6
62,5
62,4
62,3
62,2
62,1
62,0
54,6
54,5
54,4
54,3
54,2
54,1
54,0
46,6
46,5
46,4
46,3
46,2
46,1
46,0
38,11
38,10
38,9
38,8
38,7
38,6
38,5
38,4
38,3
38,2
38,1
38,0
30,6
30,5
30,4
30,3
30,2
30,1
30,0
22,8
22,7
22,6
22,5
22,4
22,3
22,2
22,1
22,0
14,6
14,5
14,4
14,3
14,2
14,1
14,0
70,5
70,4
70,1
70,3
70,0
0,444
0,440
0,439
0,408
0,442
0,443
0,438
0,431
0,430
0,429
0,428
0,427
0,426
0,425
0,424
0,423
0,422
0,421
0,420
0,419
0,418
0,417
0,416
0,415
0,414
0,413
0,412
0,411
0,436
0,410
0,435
0,434
0,409
0,407
0,406
0,405
0,404
0,403
0,402
0,401
0,400
0,399
0,398
0,397
0,396
0,395
0,394
0,393
0,392
0,391
0,390
0,389
0,388
0,387
0,386
0,385
0,384
0,437
0,433
0,445
0,446
0,432
0,441
87,10
87,9
79,12
86,122
86,121
86,120
86,119
86,118
86,117
86,116
79,11
87,8
87,7
87,6
86,115
86,114
86,113
86,112
86,111
86,110
79,10
86,109
86,108
86,107
86,106
86,105
86,104
86,103
79,9
79,8
86,102
86,101
86,100
86,99
86,98
86,97
86,96
86,95
86,94
79,7
79,6
86,93
86,92
86,91
86,90
86,89
86,88
86,87
86,86
86,85
86,84
86,83
86,82
86,81
86,80
86,79
86,78
86,77
86,76
86,75
86,74
86,73
86,72
86,71
86,70
86,69
86,68
86,67
86,66
86,65
86,64
87,5
87,4
87,3
87,2
87,1
87,0
79,5
79,4
79,3
79,2
79,1
79,0
71,42
71,39
71,41
71,40
71,4
71,38
71,5
71,37
71,36
71,35
71,34
71,33
71,32
71,31
71,30
71,29
71,28
71,27
71,26
71,25
71,24
71,23
71,22
71,21
71,20
71,19
71,18
71,17
71,16
71,15
71,14
71,13
71,12
71,11
71,10
71,9
71,8
71,7
71,6
71,3
71,2
71,1
71,0
63,10
63,9
63,8
63,7
63,6
63,5
63,4
63,3
63,2
63,1
63,0
62,127
62,80
62,79
62,78
62,77
62,76
62,75
62,74
62,73
62,72
62,71
62,70
62,69
62,68
62,67
62,66
62,65
62,64
55,6
55,5
55,4
55,3
55,2
55,1
55,0
47,6
47,5
47,4
47,3
47,2
47,1
47,0
39,6
39,5
39,4
39,3
39,2
39,1
39,0
31,6
31,5
31,4
31,3
31,2
31,1
31,0
23,6
23,5
23,4
23,3
23,2
23,1
23,0
15,8
15,7
15,6
15,5
15,4
15,3
15,2
15,1
15,0
7,35
7,34
7,33
7,32
7,31
7,30
7,29
7,28
7,27
7,26
7,25
7,24
7,23
7,22
7,21
7,20
7,19
7,18
7,17
7,16
7,15
7,14
7,13
7,12
7,11
7,10
7,9
7,8
7,7
7,6
7,5
7,4
7,3
7,2
7,1
7,0
